6,0.0,0.0,3606.722518476626
12,0.0,0.0,4912.451809123605
17,0.0,0.0,2739.6191978222573
18,0.0,0.0,2771.8204655614413
22,0.0,0.0,3136.7463365542358
31,0.0,0.0,2931.359000969841
56,0.0,0.0,5478.89093583436
79,0.0,0.0,5093.750449152039
86,0.0,0.0,3497.3442250627204
92,0.0,0.0,5627.051857505845
105,0.0,0.0,4775.156554796247
122,0.0,0.0,5070.101253702533
124,0.0,0.0,2047.6256660607771
130,0.0,0.0,2040.4710500857946
132,0.0,0.0,5221.744521152075
133,0.0,0.0,4429.221027157748
141,0.0,0.0,2961.6636371562295
156,0.0,0.0,2933.991446373371
157,0.0,0.0,4035.1445313044064
170,0.0,0.0,2723.114779117138
183,0.0,0.0,5438.82767877065
194,0.0,0.0,3424.7269652200725
202,0.0,0.0,2853.137025546025
209,0.0,0.0,2520.0178643539884
210,0.0,0.0,5583.639239377472
213,0.0,0.0,5961.275647441858
214,0.0,0.0,3080.88273164081
230,0.0,0.0,3643.7832583679806
246,0.0,0.0,2119.1065851539506
247,0.0,0.0,2505.7668047103425
252,0.0,0.0,3485.9617599728567
272,0.0,0.0,2414.7626608905116
274,0.0,0.0,2458.389088970418
286,0.0,0.0,3158.074331659677
296,0.0,0.0,4978.941212065608
306,0.0,0.0,2630.225583957039
310,0.0,0.0,4473.28951743137
321,0.0,0.0,4291.156072157163
325,0.0,0.0,5647.023563512867
340,0.0,0.0,5854.759947207112
350,0.0,0.0,5971.858482033802
354,0.0,0.0,2588.899445575374
355,0.0,0.0,3544.558124095173
358,0.0,0.0,4883.128149122062
372,0.0,0.0,3530.841797645717
387,0.0,0.0,3968.2831950984228
390,0.0,0.0,5511.210273795632
406,0.0,0.0,5178.68948651478
412,0.0,0.0,5983.974158306418
427,0.0,0.0,5900.5217424178345
436,0.0,0.0,5635.224511125441
460,0.0,0.0,3442.587703663989
461,0.0,0.0,2497.9108015612896
482,0.0,0.0,5855.060162189752
483,0.0,0.0,4492.600124146169
489,0.0,0.0,2943.020355493661
517,0.0,0.0,5612.183114115394
525,0.0,0.0,5007.001145423856
532,0.0,0.0,3245.853552891102
549,0.0,0.0,2324.1473105104833
568,0.0,0.0,5481.558043765649
573,0.0,0.0,5928.151614183871
579,0.0,0.0,4002.7781150170113
600,0.0,0.0,3958.8250288294644
602,0.0,0.0,4966.133452737842
615,0.0,0.0,5984.360570170248
625,0.0,0.0,3406.2356514193284
630,0.0,0.0,5742.048504355193
644,0.0,0.0,5629.508692465834
650,0.0,0.0,2675.796488168389
656,0.0,0.0,4950.870322756719
670,0.0,0.0,5213.026282434699
681,0.0,0.0,3640.7866832826676
695,0.0,0.0,3227.499412276082
709,0.0,0.0,5042.964252796404
714,0.0,0.0,5979.784341844272
727,0.0,0.0,3310.008916239609
738,0.0,0.0,4996.8416001189535
777,0.0,0.0,2021.312216786269
794,0.0,0.0,3506.008204402188
813,0.0,0.0,4423.907215324657
823,0.0,0.0,5040.624312868856
826,0.0,0.0,3326.1901420189897
834,0.0,0.0,5296.931973295652
839,0.0,0.0,5701.452099541892
841,0.0,0.0,2769.5140435525864
845,0.0,0.0,4215.118994490983
848,0.0,0.0,2852.629563152565
854,0.0,0.0,4478.377774856711
857,0.0,0.0,2583.3539315270377
859,0.0,0.0,5534.3761938809885
863,0.0,0.0,4058.367219949557
866,0.0,0.0,4678.809193329107
881,0.0,0.0,5785.005861567583
886,0.0,0.0,2281.1427127048223
888,0.0,0.0,4209.8489303991355
891,0.0,0.0,3545.2729367449147
896,0.0,0.0,3621.1447220284904
914,0.0,0.0,4860.869397100714
924,0.0,0.0,2580.618853657244
926,0.0,0.0,2075.477328491295
930,0.0,0.0,3374.249947112226
939,0.0,0.0,2178.544616238419
956,0.0,0.0,2945.8650292553416
960,0.0,0.0,3514.7233775653735
964,0.0,0.0,5709.71994207531
970,0.0,0.0,2595.606109194531
978,0.0,0.0,5104.92101938749
979,0.0,0.0,2670.9407179741997
991,0.0,0.0,2008.5525280487932
994,0.0,0.0,3869.5337309659985
1000,0.0,0.0,2129.74648489644
1003,0.0,0.0,3477.513562968154
1020,0.0,0.0,5010.857240576131
1043,0.0,0.0,3721.079886706652
1056,0.0,0.0,4851.715109637647
1067,0.0,0.0,3487.6778061824807
1070,0.0,0.0,2813.3160728346475
1084,0.0,0.0,2879.9014694272414
1089,0.0,0.0,3699.6058051133036
1098,0.0,0.0,5905.255550653428
1109,0.0,0.0,3780.2892350399084
1154,0.0,0.0,4083.16678763661
1158,0.0,0.0,5097.647325781657
1198,0.0,0.0,5206.85760144078
1201,0.0,0.0,2271.4848652288238
1209,0.0,0.0,4490.384250586877
1252,0.0,0.0,2627.139028400008
1255,0.0,0.0,4722.069961400331
1264,0.0,0.0,3125.628232936915
1273,0.0,0.0,5449.10174939785
1279,0.0,0.0,5769.627559531523
1282,0.0,0.0,3316.079519071324
1292,0.0,0.0,5115.413104949356
1303,0.0,0.0,2449.8903723747676
1310,0.0,0.0,5774.0872439435725
1314,0.0,0.0,5720.529018129915
1319,0.0,0.0,4202.631344188848
1339,0.0,0.0,2026.4701327008368
1367,0.0,0.0,2269.8583726972715
1368,0.0,0.0,5855.229066756795
1370,0.0,0.0,2818.116904132759
1374,0.0,0.0,2321.8254783919633
1378,0.0,0.0,3997.9964156666824
1392,0.0,0.0,5571.892005041407
1404,0.0,0.0,3227.123063488634
1410,0.0,0.0,5291.251441324421
1420,0.0,0.0,2396.8445415364795
1426,0.0,0.0,5721.411181546858
1430,0.0,0.0,2460.306266424265
1438,0.0,0.0,3751.9597139291054
1450,0.0,0.0,4359.519868989749
1452,0.0,0.0,5548.054901880335
1454,0.0,0.0,2088.8433249744453
1461,0.0,0.0,4401.47452558832
1478,0.0,0.0,2613.758048437014
1482,0.0,0.0,2663.623731118742
1483,0.0,0.0,2213.818058747417
1492,0.0,0.0,2561.431786926059
1518,0.0,0.0,2152.702136353864
1528,0.0,0.0,5672.34795277049
1541,0.0,0.0,5324.99229709929
1542,0.0,0.0,3814.5635226949585
1543,0.0,0.0,2395.9464179175916
1550,0.0,0.0,5307.235134276169
1551,0.0,0.0,3016.5615149472533
1558,0.0,0.0,2206.4114662040965
1568,0.0,0.0,3168.8162177951663
1570,0.0,0.0,3926.8516356874825
1571,0.0,0.0,3105.444369199792
1580,0.0,0.0,3650.267087481804
1583,0.0,0.0,2500.753845933999
1588,0.0,0.0,5331.015704332902
1596,0.0,0.0,5953.405341181623
1602,0.0,0.0,5973.056755562136
1618,0.0,0.0,2388.066676780043
1630,0.0,0.0,2185.733449666747
1636,0.0,0.0,2686.0036556476493
1644,0.0,0.0,4093.480146148823
1676,0.0,0.0,4396.825576640042
1685,0.0,0.0,3244.6558200743975
1686,0.0,0.0,3382.988026868868
1694,0.0,0.0,2597.353813727172
1700,0.0,0.0,4437.378314223508
1714,0.0,0.0,5461.561608939366
1719,0.0,0.0,4944.407839483066
1739,0.0,0.0,3256.958045095417
1757,0.0,0.0,2805.959990445279
1776,0.0,0.0,2669.7628074738805
1779,0.0,0.0,4648.505603683391
1794,0.0,0.0,5902.6699361746105
1813,0.0,0.0,3872.225521323072
1824,0.0,0.0,4021.110876451673
1831,0.0,0.0,3486.131251187308
1840,0.0,0.0,3911.9695189520417
1850,0.0,0.0,5346.720979574611
1874,0.0,0.0,3291.285708740199
1878,0.0,0.0,5893.975327964888
1885,0.0,0.0,5725.1602456752025
1896,0.0,0.0,5520.135359759936
1912,0.0,0.0,4134.571632088814
1924,0.0,0.0,4169.284539503366
1925,0.0,0.0,5606.193214702087
1934,0.0,0.0,5894.825917154949
1936,0.0,0.0,3192.140345287334
1944,0.0,0.0,3472.8136705660468
1948,0.0,0.0,4578.036234442997
1969,0.0,0.0,3108.837776230546
1972,0.0,0.0,3102.1495924141113
1986,0.0,0.0,4202.652417595634
2001,0.0,0.0,3657.54537243473
2003,0.0,0.0,2098.7636160296906
2011,0.0,0.0,4453.786965187442
2030,0.0,0.0,4184.640313989505
2058,0.0,0.0,4035.620036075528
2087,0.0,0.0,5177.414074277127
2091,0.0,0.0,2841.9863987017857
2105,0.0,0.0,3563.5511866531697
2108,0.0,0.0,5786.882907798318
2110,0.0,0.0,5381.443241569136
2114,0.0,0.0,5303.439775052807
2120,0.0,0.0,4442.226867017782
2143,0.0,0.0,4002.0121761786063
2147,0.0,0.0,4693.7863857445855
2154,0.0,0.0,2125.627008559019
2160,0.0,0.0,4422.564817897329
2183,0.0,0.0,5547.830426466337
2188,0.0,0.0,5901.221812085959
2193,0.0,0.0,4065.973387013968
2200,0.0,0.0,4695.564916616223
2205,0.0,0.0,2033.561839727886
2216,0.0,0.0,5050.817349229847
2233,0.0,0.0,4423.049177026182
2241,0.0,0.0,5761.848883860247
2250,0.0,0.0,3841.4674149096745
2261,0.0,0.0,2507.2883780571856
2265,0.0,0.0,5427.047211600836
2267,0.0,0.0,4151.800132599859
2287,0.0,0.0,5032.081761834109
2289,0.0,0.0,5447.322272385819
2291,0.0,0.0,5580.009256149603
2318,0.0,0.0,5103.479158272657
2335,0.0,0.0,3208.22723646878
2336,0.0,0.0,2401.8931183471836
2338,0.0,0.0,3917.568729600342
2344,0.0,0.0,5162.905735533346
2347,0.0,0.0,5709.804476145482
2361,0.0,0.0,2724.3927989732965
2363,0.0,0.0,4927.089600105597
2364,0.0,0.0,4356.190371152835
2409,0.0,0.0,5587.252107213553
2415,0.0,0.0,3978.4967412804745
2416,0.0,0.0,2371.935256295175
2424,0.0,0.0,3449.080250317518
2426,0.0,0.0,5262.840797723994
2429,0.0,0.0,4081.9398800484605
2466,0.0,0.0,3171.168240827062
2480,0.0,0.0,3258.9393809623602
2484,0.0,0.0,4270.189031733626
