1,0.0,0.0,3673.5935015414134
2,0.0,0.0,2945.448132316962
3,0.0,0.0,4562.97118586375
4,0.0,0.0,2154.180909610166
5,0.0,0.0,5507.0477881174365
6,0.0,0.0,4714.200881221994
9,0.0,0.0,2503.0944511289554
11,0.0,0.0,4374.277670751911
12,0.0,0.0,2408.916761685222
13,0.0,0.0,2907.476207796706
15,0.0,0.0,3447.7125231707228
16,0.0,0.0,2093.418913658306
17,0.0,0.0,3933.1757553299153
18,0.0,0.0,3395.8665799849377
19,0.0,0.0,5748.78696919199
21,0.0,0.0,2155.8805349240756
22,0.0,0.0,3176.6748566751667
24,0.0,0.0,5457.853353924798
26,0.0,0.0,5636.409050761496
27,0.0,0.0,3717.7252594987485
29,0.0,0.0,3790.7766886095037
30,0.0,0.0,5494.957085216794
31,0.0,0.0,2679.57842864791
32,0.0,0.0,3147.456625597001
33,0.0,0.0,5302.654217024563
35,0.0,0.0,4182.263664887046
36,0.0,0.0,5755.1778161623815
37,0.0,0.0,4193.4753213229305
38,0.0,0.0,5827.329398125947
39,0.0,0.0,3205.481380405316
40,0.0,0.0,3345.806903165581
41,0.0,0.0,5128.816805027329
43,0.0,0.0,2066.7394954623564
44,0.0,0.0,2585.8133796099305
45,0.0,0.0,3635.7782448499697
46,0.0,0.0,4652.209658345621
48,0.0,0.0,4966.577265955486
49,0.0,0.0,3530.7214595606047
51,0.0,0.0,2899.5157035260563
52,0.0,0.0,5150.297086534232
55,0.0,0.0,5596.500814188478
56,0.0,0.0,5340.062720402357
57,0.0,0.0,3285.7197183527182
58,0.0,0.0,2126.883046201986
60,0.0,0.0,5370.6945563504005
61,0.0,0.0,4198.944484151032
63,0.0,0.0,2232.917369313899
64,0.0,0.0,5186.922430264385
65,0.0,0.0,5408.378590067033
66,0.0,0.0,4951.177418924872
67,0.0,0.0,4604.856066724776
68,0.0,0.0,3544.283189117322
70,0.0,0.0,2323.9379990384255
71,0.0,0.0,2154.247522224353
72,0.0,0.0,3349.194428228287
73,0.0,0.0,4352.735076048429
75,0.0,0.0,2000.4722007185744
76,0.0,0.0,5432.781424798777
78,0.0,0.0,5221.985761168255
79,0.0,0.0,3645.7271973392153
81,0.0,0.0,4845.34593197877
83,0.0,0.0,5436.4307389031
86,0.0,0.0,5636.412213739356
87,0.0,0.0,2749.211013673771
89,0.0,0.0,4510.1379274148085
90,0.0,0.0,5379.762372400502
91,0.0,0.0,4204.380986040833
92,0.0,0.0,4683.375403155699
93,0.0,0.0,3461.9776542361687
94,0.0,0.0,3902.116124379502
95,0.0,0.0,2524.604016323152
96,0.0,0.0,5409.993960814524
97,0.0,0.0,2014.1906517963841
98,0.0,0.0,2868.3151313795393
100,0.0,0.0,2650.0190025673733
101,0.0,0.0,5699.632676939822
102,0.0,0.0,4558.097488148632
105,0.0,0.0,2754.704504937833
110,0.0,0.0,4812.726085904122
111,0.0,0.0,2588.9851634734227
113,0.0,0.0,2380.45375976139
114,0.0,0.0,2061.2633351184295
115,0.0,0.0,2513.6623340086194
116,0.0,0.0,4926.103691677583
117,0.0,0.0,2801.5463455776035
118,0.0,0.0,2947.4582312703233
119,0.0,0.0,5507.277254664369
120,0.0,0.0,4706.34552167546
122,0.0,0.0,3855.170743311476
123,0.0,0.0,3992.375045627095
125,0.0,0.0,2056.6959567765853
126,0.0,0.0,3706.1367373759213
128,0.0,0.0,3187.092316962922
130,0.0,0.0,5719.719225247589
133,0.0,0.0,2354.433172547985
135,0.0,0.0,5200.828356893752
136,0.0,0.0,4924.899860040086
137,0.0,0.0,3429.92260418592
140,0.0,0.0,4227.763097812461
141,0.0,0.0,2076.8263979898984
142,0.0,0.0,4623.120961723085
144,0.0,0.0,2799.820284885954
145,0.0,0.0,4608.140838663096
146,0.0,0.0,4535.429311552362
147,0.0,0.0,3913.9680451441664
151,0.0,0.0,2802.9337043100286
153,0.0,0.0,5811.2658633134715
154,0.0,0.0,5016.264935106499
155,0.0,0.0,3023.7040729022756
156,0.0,0.0,5721.9638163677955
157,0.0,0.0,3947.7297588481833
158,0.0,0.0,3236.9818909347796
159,0.0,0.0,2241.3704671669625
160,0.0,0.0,3686.693477693147
161,0.0,0.0,4631.747205522153
162,0.0,0.0,3829.226049728751
163,0.0,0.0,5565.967993903423
165,0.0,0.0,3766.0968209197727
167,0.0,0.0,5183.683126813563
168,0.0,0.0,2762.819652313133
169,0.0,0.0,2827.8955113965926
170,0.0,0.0,4726.577893219071
172,0.0,0.0,3453.7957669898524
173,0.0,0.0,2209.2078330968798
174,0.0,0.0,5163.1770049580355
175,0.0,0.0,2085.873902474985
176,0.0,0.0,4944.282194333122
177,0.0,0.0,5954.188751390029
178,0.0,0.0,4748.427512478774
179,0.0,0.0,2934.019914690733
180,0.0,0.0,2766.9369843459317
181,0.0,0.0,3248.0694829204426
182,0.0,0.0,2882.6703816457693
183,0.0,0.0,3407.2483343835947
186,0.0,0.0,3640.505745997732
187,0.0,0.0,4525.799330119801
188,0.0,0.0,3584.0180136338267
191,0.0,0.0,5126.743336661127
192,0.0,0.0,5504.171867103417
194,0.0,0.0,3951.2069347620068
195,0.0,0.0,5978.677501825273
197,0.0,0.0,5701.679131968168
198,0.0,0.0,2303.2501438998684
199,0.0,0.0,2841.2853341833766
200,0.0,0.0,3877.764792800337
201,0.0,0.0,2619.3181263666665
202,0.0,0.0,4980.796455334472
204,0.0,0.0,4928.0848896051675
207,0.0,0.0,5330.012684907794
208,0.0,0.0,2516.7913229962196
209,0.0,0.0,2099.9262243521807
210,0.0,0.0,3263.548594082846
211,0.0,0.0,5721.223077348111
213,0.0,0.0,4406.875878603348
216,0.0,0.0,4155.054245957695
218,0.0,0.0,3662.2530686295127
222,0.0,0.0,2106.8430404766723
223,0.0,0.0,5211.620695584033
224,0.0,0.0,5572.673567700061
225,0.0,0.0,3385.126036283947
226,0.0,0.0,4082.898690331449
228,0.0,0.0,5753.740737885053
229,0.0,0.0,2119.972671469917
230,0.0,0.0,5920.12286631923
231,0.0,0.0,2018.002965677831
232,0.0,0.0,5703.101907730039
233,0.0,0.0,5240.336327279207
234,0.0,0.0,2296.045338145447
236,0.0,0.0,3028.0463985487663
237,0.0,0.0,3893.634694046682
238,0.0,0.0,3564.954546704394
239,0.0,0.0,4277.912799249227
242,0.0,0.0,4869.336830660582
243,0.0,0.0,2018.716410524701
244,0.0,0.0,2406.736860743665
245,0.0,0.0,4066.445663428339
246,0.0,0.0,3904.4266360949305
248,0.0,0.0,3718.01678873826
249,0.0,0.0,3226.5805455151117
250,0.0,0.0,3409.909617772785
252,0.0,0.0,2856.6968060929003
253,0.0,0.0,5106.744781990813
254,0.0,0.0,2295.401834409419
255,0.0,0.0,3139.3140200710295
257,0.0,0.0,2131.352338959366
258,0.0,0.0,5691.346559412793
259,0.0,0.0,4907.740675957069
260,0.0,0.0,5983.823347462837
261,0.0,0.0,4244.052890570468
262,0.0,0.0,3381.7456048732774
263,0.0,0.0,3153.5603873757564
264,0.0,0.0,4033.3321069804533
266,0.0,0.0,4937.9452572432165
267,0.0,0.0,3434.308181877792
269,0.0,0.0,5173.984680853821
270,0.0,0.0,4733.732579988977
271,0.0,0.0,3187.683636082126
272,0.0,0.0,2316.6015878239486
275,0.0,0.0,4924.565702206241
277,0.0,0.0,4557.284532282962
279,0.0,0.0,4803.510998135779
280,0.0,0.0,2871.4857674538734
282,0.0,0.0,3595.2828084039706
283,0.0,0.0,4975.0708376779185
284,0.0,0.0,2514.0632784316385
285,0.0,0.0,3131.9765009036473
286,0.0,0.0,2435.617905834635
288,0.0,0.0,4678.024213601318
289,0.0,0.0,3786.8772894739145
290,0.0,0.0,4623.702900741527
293,0.0,0.0,4690.047529446953
294,0.0,0.0,3098.920253212534
295,0.0,0.0,4475.998476606545
296,0.0,0.0,2640.482678799426
297,0.0,0.0,3779.0043284307667
298,0.0,0.0,4022.567106957346
299,0.0,0.0,3236.0210131280105
300,0.0,0.0,3887.0056936366577
302,0.0,0.0,4784.073853537881
303,0.0,0.0,5153.894409792681
304,0.0,0.0,4147.825452034232
308,0.0,0.0,5803.379874408054
309,0.0,0.0,2271.6768462320892
311,0.0,0.0,3091.7361090805557
312,0.0,0.0,5718.704819318954
318,0.0,0.0,4434.335743647296
319,0.0,0.0,5489.762787372613
321,0.0,0.0,3556.456953706203
322,0.0,0.0,3452.5181631034966
325,0.0,0.0,3896.9001813921955
326,0.0,0.0,5133.125866735811
329,0.0,0.0,4963.609235186152
330,0.0,0.0,3351.077832457875
333,0.0,0.0,2282.515363802223
336,0.0,0.0,3762.836223314203
339,0.0,0.0,3716.2263316153617
340,0.0,0.0,5180.231728426211
343,0.0,0.0,5294.536482337257
345,0.0,0.0,3915.403305167341
346,0.0,0.0,3778.9925238055735
347,0.0,0.0,2731.5972999907613
349,0.0,0.0,4014.8805847114772
352,0.0,0.0,3431.747138307146
353,0.0,0.0,2841.9739426144465
354,0.0,0.0,3460.4426209395792
355,0.0,0.0,2650.4302130291753
356,0.0,0.0,5333.463347493442
358,0.0,0.0,5116.7232598642895
359,0.0,0.0,4418.364796569133
361,0.0,0.0,2740.5387330977965
362,0.0,0.0,3271.651347283969
363,0.0,0.0,4990.907646996154
364,0.0,0.0,5095.259484119998
366,0.0,0.0,4182.694496794834
367,0.0,0.0,5873.826652463965
368,0.0,0.0,3142.1326921573823
369,0.0,0.0,4247.0073640960545
370,0.0,0.0,2883.4692390171695
371,0.0,0.0,2663.163531214515
373,0.0,0.0,3917.0292299742455
375,0.0,0.0,2530.5714877190776
376,0.0,0.0,3892.3392595461196
377,0.0,0.0,4898.913993096951
378,0.0,0.0,3479.283705735411
379,0.0,0.0,5445.970988426515
381,0.0,0.0,5299.619202906578
383,0.0,0.0,4374.657847230554
384,0.0,0.0,3477.227379725913
385,0.0,0.0,4007.9090075792933
386,0.0,0.0,4843.199200112753
388,0.0,0.0,4353.817272167793
389,0.0,0.0,2955.4104367146465
392,0.0,0.0,5216.148968772147
393,0.0,0.0,4554.654300498163
394,0.0,0.0,2688.56024097876
395,0.0,0.0,3108.917773163894
396,0.0,0.0,2668.758567550939
399,0.0,0.0,3874.970421332897
401,0.0,0.0,5361.920007797193
404,0.0,0.0,5840.528013420469
405,0.0,0.0,3721.8353356116404
406,0.0,0.0,3786.8228263142987
408,0.0,0.0,2088.6797721668736
409,0.0,0.0,4340.42160936336
410,0.0,0.0,2071.5192715440853
412,0.0,0.0,2398.1692606784136
414,0.0,0.0,2106.195882921831
416,0.0,0.0,2394.131778552757
417,0.0,0.0,4517.172124822157
418,0.0,0.0,3667.7452749183803
420,0.0,0.0,3487.928747284112
421,0.0,0.0,4431.385464297997
422,0.0,0.0,2695.0969776207316
423,0.0,0.0,5207.012266458115
424,0.0,0.0,5586.193168204974
425,0.0,0.0,4497.772974822894
426,0.0,0.0,5387.251228755451
429,0.0,0.0,3207.5883055026184
430,0.0,0.0,5797.465435069405
432,0.0,0.0,5483.2183340249285
433,0.0,0.0,5499.626939525385
434,0.0,0.0,2367.6816008168425
435,0.0,0.0,5496.05035958959
436,0.0,0.0,3796.1504596677228
437,0.0,0.0,2895.362332252143
438,0.0,0.0,4386.992534100784
442,0.0,0.0,5044.5793477698735
443,0.0,0.0,3196.600914193332
444,0.0,0.0,2855.0637224044845
445,0.0,0.0,4358.567984654345
446,0.0,0.0,2563.671685603084
447,0.0,0.0,4159.5186987907
448,0.0,0.0,4340.224470628322
449,0.0,0.0,5270.054644015899
450,0.0,0.0,5052.645467536726
453,0.0,0.0,2822.5745620313846
454,0.0,0.0,2306.2053834215044
455,0.0,0.0,4336.3723024798865
456,0.0,0.0,4869.040849311078
458,0.0,0.0,5225.016374129404
459,0.0,0.0,5351.771035367816
460,0.0,0.0,3000.5367160531637
461,0.0,0.0,2773.4649461194117
463,0.0,0.0,4302.113963485413
467,0.0,0.0,2392.040045831836
468,0.0,0.0,2122.715362347859
471,0.0,0.0,5609.686008938167
472,0.0,0.0,2129.462078052665
473,0.0,0.0,4277.83001236213
474,0.0,0.0,3401.167354922848
475,0.0,0.0,2874.0785803372964
476,0.0,0.0,4949.846546663776
477,0.0,0.0,2925.1450656061365
478,0.0,0.0,4839.13246691056
479,0.0,0.0,4167.084204586698
480,0.0,0.0,4743.532219276058
481,0.0,0.0,2597.7197160430633
483,0.0,0.0,2158.4189755093926
484,0.0,0.0,5960.399368673831
488,0.0,0.0,4789.841413707556
489,0.0,0.0,3093.7437040261384
490,0.0,0.0,4489.690642425885
491,0.0,0.0,4180.168268838589
492,0.0,0.0,4445.760387788197
495,0.0,0.0,3951.8234098527555
496,0.0,0.0,2459.7939109078793
497,0.0,0.0,4036.609726126104
499,0.0,0.0,4759.6277344382115
501,0.0,0.0,5719.077384020873
502,0.0,0.0,3444.9582671895514
504,0.0,0.0,2067.077375286358
509,0.0,0.0,2452.813422394671
510,0.0,0.0,5858.676616426889
511,0.0,0.0,3106.0558363556042
514,0.0,0.0,3068.03391480439
516,0.0,0.0,3931.6996777696495
518,0.0,0.0,4289.916648292689
519,0.0,0.0,2644.353922530814
520,0.0,0.0,2327.092112854567
522,0.0,0.0,4705.455813702507
523,0.0,0.0,5755.23137878881
524,0.0,0.0,4421.377149941515
525,0.0,0.0,5265.476641800722
526,0.0,0.0,5213.582510045439
527,0.0,0.0,4354.9461651699285
528,0.0,0.0,4692.604745706369
529,0.0,0.0,2621.597801676664
530,0.0,0.0,2935.9304073716876
531,0.0,0.0,3471.6727426480315
532,0.0,0.0,3417.591371160826
533,0.0,0.0,5376.755401350769
534,0.0,0.0,4876.112716955259
536,0.0,0.0,5595.014496152863
537,0.0,0.0,3329.8517761772546
538,0.0,0.0,2743.4287256543844
539,0.0,0.0,2771.458265603307
540,0.0,0.0,2618.115171601317
542,0.0,0.0,3106.410348664723
544,0.0,0.0,3298.19319049337
545,0.0,0.0,4102.987585314077
546,0.0,0.0,2336.810856407377
547,0.0,0.0,3026.991890504199
548,0.0,0.0,2006.6235873468106
549,0.0,0.0,5657.96759863886
551,0.0,0.0,2376.4281890751618
552,0.0,0.0,5993.909046893278
553,0.0,0.0,4544.692017497903
554,0.0,0.0,2661.414622700722
555,0.0,0.0,2768.233141054175
556,0.0,0.0,2949.8441087443553
557,0.0,0.0,3072.1843556139356
558,0.0,0.0,2911.7232915225827
559,0.0,0.0,4805.115046706202
560,0.0,0.0,3300.8017050584763
562,0.0,0.0,4611.618909148517
563,0.0,0.0,4178.530996423043
564,0.0,0.0,3117.255614031344
566,0.0,0.0,5230.296534117691
567,0.0,0.0,4705.690956212919
569,0.0,0.0,5223.050459186552
570,0.0,0.0,2722.033797904337
571,0.0,0.0,5448.023395633121
572,0.0,0.0,4695.117877329191
573,0.0,0.0,4552.881421672655
574,0.0,0.0,5793.69386302273
576,0.0,0.0,5628.757884379764
577,0.0,0.0,5350.255493375094
578,0.0,0.0,2384.7449706584703
580,0.0,0.0,2048.4802766420903
581,0.0,0.0,4455.029750585839
582,0.0,0.0,4862.996949444771
583,0.0,0.0,2162.346175814933
584,0.0,0.0,4471.7624148072455
585,0.0,0.0,2395.3082847787064
586,0.0,0.0,3993.6397572244546
588,0.0,0.0,3750.8320505046427
589,0.0,0.0,3589.307219815943
590,0.0,0.0,3323.7897665115747
592,0.0,0.0,5748.300822840676
593,0.0,0.0,3765.5683546857376
594,0.0,0.0,4396.953238822022
595,0.0,0.0,5387.686476291595
596,0.0,0.0,4414.996165868965
597,0.0,0.0,3821.272706634714
598,0.0,0.0,4518.351579750225
599,0.0,0.0,4853.600882778833
602,0.0,0.0,3999.65110817883
603,0.0,0.0,2654.2040408978346
604,0.0,0.0,4817.650548679441
605,0.0,0.0,3527.314301952579
606,0.0,0.0,4235.943289139902
608,0.0,0.0,4558.617191215378
609,0.0,0.0,3139.7036242501636
611,0.0,0.0,5717.608807833696
612,0.0,0.0,4739.5175301989575
613,0.0,0.0,3042.654564324483
614,0.0,0.0,2868.8069356236474
615,0.0,0.0,2146.632783535375
616,0.0,0.0,3332.3052815424317
618,0.0,0.0,4642.682139202826
620,0.0,0.0,2437.081623670947
622,0.0,0.0,3915.6747252282607
623,0.0,0.0,4914.709163491446
624,0.0,0.0,4410.797546104685
625,0.0,0.0,3276.526420329053
626,0.0,0.0,3876.5276701592666
627,0.0,0.0,4855.575387992981
628,0.0,0.0,5629.097862011821
629,0.0,0.0,2275.637329907739
630,0.0,0.0,2938.120368123773
631,0.0,0.0,2993.6866763795315
632,0.0,0.0,2476.14306039512
633,0.0,0.0,5342.131569088458
634,0.0,0.0,4558.087927025627
635,0.0,0.0,2269.9039134307
637,0.0,0.0,2365.120415158825
638,0.0,0.0,2281.5377136426937
641,0.0,0.0,3995.4482653260065
642,0.0,0.0,5107.389165060471
643,0.0,0.0,3431.1183296796985
646,0.0,0.0,2011.8123813505254
648,0.0,0.0,3900.1612099967265
649,0.0,0.0,2335.569019286799
651,0.0,0.0,2321.9951670774904
652,0.0,0.0,5645.3378077449015
653,0.0,0.0,5439.577775518071
654,0.0,0.0,4027.722244118723
656,0.0,0.0,2417.2406601935545
658,0.0,0.0,3362.1527409546843
659,0.0,0.0,4993.988801890271
660,0.0,0.0,4401.211154136239
661,0.0,0.0,4373.696787853565
662,0.0,0.0,3442.32075942069
663,0.0,0.0,4971.121818706523
666,0.0,0.0,2442.255343065482
668,0.0,0.0,5470.231782886997
669,0.0,0.0,2522.665235768946
671,0.0,0.0,2723.1874103120485
673,0.0,0.0,2092.2045687268096
675,0.0,0.0,3950.600289195137
677,0.0,0.0,5850.155537363053
680,0.0,0.0,3051.153491636416
683,0.0,0.0,4931.926197300684
685,0.0,0.0,3921.6791217695513
686,0.0,0.0,4995.123720632533
687,0.0,0.0,4261.468143113137
689,0.0,0.0,5336.158199786197
691,0.0,0.0,4261.57268254382
692,0.0,0.0,4342.465902485887
693,0.0,0.0,3218.1001661972005
694,0.0,0.0,3343.544706091241
695,0.0,0.0,3797.282210460992
697,0.0,0.0,3290.4990528451613
698,0.0,0.0,3642.4633606050706
699,0.0,0.0,2686.689480139541
700,0.0,0.0,3618.844817520491
701,0.0,0.0,5866.817870311784
702,0.0,0.0,4238.463530816857
703,0.0,0.0,3263.851364131498
704,0.0,0.0,5519.82248347747
705,0.0,0.0,2980.7237023596
707,0.0,0.0,4142.2923193305505
708,0.0,0.0,5732.474714690014
709,0.0,0.0,2810.473397719379
710,0.0,0.0,2360.839423035496
711,0.0,0.0,4784.9606767811865
712,0.0,0.0,4017.9918562518155
713,0.0,0.0,3287.2701489062274
714,0.0,0.0,3611.166436627796
717,0.0,0.0,5026.559827326944
718,0.0,0.0,4942.315813512661
720,0.0,0.0,2644.243024865744
721,0.0,0.0,4257.416894963784
722,0.0,0.0,5393.631856152564
724,0.0,0.0,3593.14512448747
726,0.0,0.0,4656.240273209603
727,0.0,0.0,5405.404932439084
728,0.0,0.0,5235.270205912457
729,0.0,0.0,3660.989084314999
730,0.0,0.0,4524.0227983684235
733,0.0,0.0,4774.614374568138
735,0.0,0.0,5038.685674975272
737,0.0,0.0,4441.195734907847
739,0.0,0.0,4649.788973638155
740,0.0,0.0,2815.1200272279048
741,0.0,0.0,4409.74597546839
745,0.0,0.0,2142.4982997252287
746,0.0,0.0,3986.7908176089245
747,0.0,0.0,2346.8247672990988
748,0.0,0.0,3741.364256943202
749,0.0,0.0,2116.508478099741
750,0.0,0.0,3774.728714600836
752,0.0,0.0,2031.837828321305
754,0.0,0.0,5444.003627996158
755,0.0,0.0,3955.0161821024426
756,0.0,0.0,2992.4654478496527
757,0.0,0.0,4863.090264372172
758,0.0,0.0,3146.783942739955
759,0.0,0.0,4288.144051973013
761,0.0,0.0,5505.662357940743
762,0.0,0.0,4572.664768523972
763,0.0,0.0,4040.5715394292447
766,0.0,0.0,4445.087131426876
768,0.0,0.0,2746.7604698746627
770,0.0,0.0,4695.288076932835
771,0.0,0.0,4041.0348456429897
773,0.0,0.0,5574.027167445245
774,0.0,0.0,3717.493990673119
775,0.0,0.0,4978.843661111998
777,0.0,0.0,2777.3564377606876
778,0.0,0.0,4309.330708546581
780,0.0,0.0,3929.0907066040877
782,0.0,0.0,5460.996420131159
783,0.0,0.0,2505.610665578928
784,0.0,0.0,2376.6606139164664
785,0.0,0.0,5925.800502938581
787,0.0,0.0,4197.778081665615
789,0.0,0.0,4127.939847819378
790,0.0,0.0,3839.947551554528
792,0.0,0.0,5465.101710177604
793,0.0,0.0,4063.196149501038
795,0.0,0.0,2833.977983585421
797,0.0,0.0,2607.268349764464
798,0.0,0.0,3242.1008275515783
799,0.0,0.0,2055.0677271363106
801,0.0,0.0,5072.713165285172
803,0.0,0.0,2450.3791419448494
804,0.0,0.0,2678.065306711915
805,0.0,0.0,3538.718431736264
806,0.0,0.0,4175.475695286852
807,0.0,0.0,5799.424342981771
808,0.0,0.0,4255.311647717388
809,0.0,0.0,3804.2517853827862
810,0.0,0.0,2196.3771787249557
812,0.0,0.0,4879.664243771174
813,0.0,0.0,4482.8674372830055
814,0.0,0.0,5942.250717220378
815,0.0,0.0,4246.303538824066
816,0.0,0.0,2869.1065128244127
817,0.0,0.0,3577.2592484097995
818,0.0,0.0,4693.058055356499
819,0.0,0.0,2626.465028231174
821,0.0,0.0,5332.2289669001575
822,0.0,0.0,5148.759320568154
823,0.0,0.0,4361.752459012959
825,0.0,0.0,4479.400024814068
826,0.0,0.0,4045.980454358566
828,0.0,0.0,5432.52236590098
830,0.0,0.0,3179.654951914593
831,0.0,0.0,3800.90009225633
832,0.0,0.0,5739.087481291881
834,0.0,0.0,2229.969185856109
835,0.0,0.0,3458.151909219163
836,0.0,0.0,5329.710720080179
837,0.0,0.0,4924.068545591069
838,0.0,0.0,4490.579759395622
839,0.0,0.0,2630.362432300778
840,0.0,0.0,2167.631862495178
841,0.0,0.0,3264.204400586432
842,0.0,0.0,5795.208289258167
843,0.0,0.0,2906.613092503031
844,0.0,0.0,3423.3728254340244
845,0.0,0.0,4189.364437887408
846,0.0,0.0,5135.805328607411
847,0.0,0.0,2224.4202663539236
850,0.0,0.0,4298.093651757714
851,0.0,0.0,2810.2048236326586
852,0.0,0.0,2291.9984029832367
853,0.0,0.0,4058.964831544661
854,0.0,0.0,4969.260884202118
855,0.0,0.0,3619.0472913400968
856,0.0,0.0,2052.9780025393875
857,0.0,0.0,5703.026225894066
859,0.0,0.0,5468.6400481163955
860,0.0,0.0,4791.875832385908
861,0.0,0.0,2047.5314215552576
862,0.0,0.0,4863.734881954666
863,0.0,0.0,4576.276222303135
864,0.0,0.0,3128.1853641042467
865,0.0,0.0,2589.8305506114802
867,0.0,0.0,4661.563214248734
868,0.0,0.0,3957.6964542978258
869,0.0,0.0,3596.346665512247
870,0.0,0.0,4886.663803268151
871,0.0,0.0,3226.733983563749
872,0.0,0.0,5720.521040111929
873,0.0,0.0,2471.0514524294613
876,0.0,0.0,3304.3466858541465
877,0.0,0.0,2382.547371282096
878,0.0,0.0,2939.9424021093596
879,0.0,0.0,4944.847649851005
880,0.0,0.0,5780.99478271731
882,0.0,0.0,5026.939326334769
884,0.0,0.0,4708.84847029507
886,0.0,0.0,3932.3413719852338
887,0.0,0.0,4576.943785986915
888,0.0,0.0,5662.716144456997
889,0.0,0.0,3141.398254649899
890,0.0,0.0,4599.302340654655
891,0.0,0.0,2855.97226609647
892,0.0,0.0,4636.409916167727
894,0.0,0.0,3579.166611778928
895,0.0,0.0,3302.258680316829
896,0.0,0.0,4771.419197093481
897,0.0,0.0,5691.8703796829395
898,0.0,0.0,3276.8683556902884
899,0.0,0.0,3973.202210241298
900,0.0,0.0,5141.331872648292
903,0.0,0.0,5152.62317517443
904,0.0,0.0,3010.764436458351
907,0.0,0.0,3240.465953368467
908,0.0,0.0,4770.165402787474
909,0.0,0.0,2822.1211666405898
910,0.0,0.0,5824.271469359951
911,0.0,0.0,5713.363937409911
912,0.0,0.0,5966.850546617514
913,0.0,0.0,2251.19514037413
914,0.0,0.0,3972.2761734408887
915,0.0,0.0,3001.558105651236
916,0.0,0.0,4508.063424978722
917,0.0,0.0,3397.225726537035
919,0.0,0.0,3276.7549360207477
920,0.0,0.0,5105.9130433993405
921,0.0,0.0,5220.768328205808
924,0.0,0.0,3300.982196612193
925,0.0,0.0,4890.203564314939
927,0.0,0.0,2261.1741092827733
928,0.0,0.0,3814.8337930711173
929,0.0,0.0,4277.745389691852
930,0.0,0.0,4817.792785309706
931,0.0,0.0,4150.462192991398
934,0.0,0.0,3087.6476352817185
935,0.0,0.0,2775.1824880034
937,0.0,0.0,3355.643542103042
938,0.0,0.0,4181.231203696274
939,0.0,0.0,2442.679354102367
940,0.0,0.0,2277.633015317385
941,0.0,0.0,4382.355003880063
942,0.0,0.0,5680.90306909932
943,0.0,0.0,3091.906704494611
946,0.0,0.0,5856.7763316318005
947,0.0,0.0,5921.924942697958
949,0.0,0.0,4346.600807867304
951,0.0,0.0,5292.600045653954
952,0.0,0.0,2371.787189118689
953,0.0,0.0,4130.480218449616
954,0.0,0.0,2012.0560080382174
955,0.0,0.0,4822.072051000673
960,0.0,0.0,5984.151134083118
963,0.0,0.0,4272.259573546424
964,0.0,0.0,5704.124105785165
965,0.0,0.0,2563.8451983795444
966,0.0,0.0,2518.903264325965
967,0.0,0.0,2118.6022784979855
969,0.0,0.0,4391.83736414805
970,0.0,0.0,5741.478233938062
971,0.0,0.0,2049.952035579776
975,0.0,0.0,4627.249318271102
976,0.0,0.0,5856.228699450813
978,0.0,0.0,3786.5072824766585
981,0.0,0.0,4221.168958608848
982,0.0,0.0,5274.321341095964
984,0.0,0.0,5743.385867915397
986,0.0,0.0,3841.5529845916544
987,0.0,0.0,5629.86888842144
988,0.0,0.0,5085.3610695782845
989,0.0,0.0,4136.373476737468
990,0.0,0.0,4704.700332782318
991,0.0,0.0,3941.168723352505
992,0.0,0.0,4750.927429975311
993,0.0,0.0,4228.362291031677
995,0.0,0.0,5132.626383198021
996,0.0,0.0,4090.72808691739
997,0.0,0.0,4750.055981774177
998,0.0,0.0,2499.654452219174
999,0.0,0.0,2454.307493708661
1001,0.0,0.0,3418.263303487142
1004,0.0,0.0,3021.3299434778905
1006,0.0,0.0,5089.586264122553
1007,0.0,0.0,2010.3981492650187
1008,0.0,0.0,2363.5151599327455
1009,0.0,0.0,3471.056097943567
1011,0.0,0.0,2861.7622401038548
1012,0.0,0.0,2705.9370565079116
1013,0.0,0.0,3987.5721929077345
1014,0.0,0.0,5741.550729598539
1016,0.0,0.0,2022.7846850229005
1017,0.0,0.0,5149.372351078804
1018,0.0,0.0,3822.4068508478267
1019,0.0,0.0,3956.4027145684
1020,0.0,0.0,5836.479019966135
1021,0.0,0.0,2077.5453561609456
1023,0.0,0.0,3468.81823149339
1024,0.0,0.0,4517.576560455967
1025,0.0,0.0,3582.8992106116934
1026,0.0,0.0,3954.2011898917212
1027,0.0,0.0,5733.191169424167
1028,0.0,0.0,4492.1734806395325
1029,0.0,0.0,5981.776554794003
1030,0.0,0.0,2385.86586530227
1031,0.0,0.0,4450.123075546071
1032,0.0,0.0,3489.1767690485435
1033,0.0,0.0,5126.099735558442
1034,0.0,0.0,2142.0046674960904
1036,0.0,0.0,3566.764509993276
1037,0.0,0.0,4520.817203112606
1038,0.0,0.0,5743.3564650062235
1040,0.0,0.0,3934.4061474523282
1041,0.0,0.0,4489.692306903102
1042,0.0,0.0,4886.033973636358
1044,0.0,0.0,2647.2176941126
1045,0.0,0.0,5841.630509575086
1046,0.0,0.0,2754.482790052599
1047,0.0,0.0,4596.864077677152
1048,0.0,0.0,3364.201527451356
1050,0.0,0.0,3271.8830714364926
1051,0.0,0.0,3463.5627983052445
1052,0.0,0.0,4139.916391089237
1053,0.0,0.0,2393.252212379121
1054,0.0,0.0,2093.6894520581886
1055,0.0,0.0,5624.304764808143
1056,0.0,0.0,5581.464918837617
1057,0.0,0.0,2131.6787007657986
1058,0.0,0.0,5620.280104509821
1060,0.0,0.0,3325.193855190432
1061,0.0,0.0,3070.5099045349593
1062,0.0,0.0,3652.5643296160774
1063,0.0,0.0,3841.1402937740636
1066,0.0,0.0,5100.938808253479
1068,0.0,0.0,3838.718463533451
1069,0.0,0.0,4162.555027223534
1070,0.0,0.0,3464.207507559655
1072,0.0,0.0,3576.951374350985
1073,0.0,0.0,5711.586791748322
1076,0.0,0.0,4419.066755774363
1077,0.0,0.0,4354.296625852676
1078,0.0,0.0,3181.2963034988334
1079,0.0,0.0,2669.004912543105
1080,0.0,0.0,3925.1550941140226
1081,0.0,0.0,4797.339421013931
1086,0.0,0.0,2936.7761126968485
1087,0.0,0.0,2157.6065364818273
1088,0.0,0.0,2401.2924404037435
1090,0.0,0.0,2739.417617139604
1091,0.0,0.0,4548.733814097744
1095,0.0,0.0,5728.243254520722
1096,0.0,0.0,4272.397926531044
1097,0.0,0.0,3955.5892020846823
1098,0.0,0.0,4306.196472801617
1099,0.0,0.0,2347.503951185902
1100,0.0,0.0,2748.0655358264316
1101,0.0,0.0,3300.4891405871194
1102,0.0,0.0,2202.7127158189146
1103,0.0,0.0,2495.431000354339
1106,0.0,0.0,5193.392661044985
1107,0.0,0.0,2752.256787538042
1108,0.0,0.0,2452.6939379372284
1109,0.0,0.0,3441.2919450595828
1110,0.0,0.0,3495.820276552604
1111,0.0,0.0,4806.262033435857
1113,0.0,0.0,4316.930775872291
1114,0.0,0.0,3274.879294068473
1115,0.0,0.0,3340.267787984927
1116,0.0,0.0,4466.015322358299
1117,0.0,0.0,3218.9273049833755
1118,0.0,0.0,3158.7479349660584
1120,0.0,0.0,4539.93739899093
1121,0.0,0.0,4077.1006620682247
1123,0.0,0.0,5807.687964496508
1124,0.0,0.0,3629.94157078194
1125,0.0,0.0,2955.176927708872
1126,0.0,0.0,2354.4981915440007
1127,0.0,0.0,2955.743888944136
1128,0.0,0.0,5116.923297989408
1130,0.0,0.0,3319.259275000618
1131,0.0,0.0,2126.1385577842902
1132,0.0,0.0,4264.436641266702
1133,0.0,0.0,3300.239273911645
1134,0.0,0.0,2372.9540647997255
1135,0.0,0.0,5850.81433067642
1136,0.0,0.0,5724.886360916203
1137,0.0,0.0,5972.924357563662
1138,0.0,0.0,2767.956614701369
1139,0.0,0.0,2898.1457916797585
1140,0.0,0.0,2635.0163588771384
1144,0.0,0.0,5875.463221220948
1146,0.0,0.0,4240.464935734778
1147,0.0,0.0,5539.455771600824
1148,0.0,0.0,5137.1363617992965
1149,0.0,0.0,3354.7609297567274
1153,0.0,0.0,4088.2419179898675
1154,0.0,0.0,3647.4564075414664
1155,0.0,0.0,3857.826346801647
1156,0.0,0.0,2149.8093259301845
1157,0.0,0.0,2517.954215624555
1158,0.0,0.0,3678.947592202161
1159,0.0,0.0,3518.4084833144766
1162,0.0,0.0,2869.4117656198605
1164,0.0,0.0,4493.343909021709
1165,0.0,0.0,5613.510482446838
1166,0.0,0.0,5960.30981664267
1167,0.0,0.0,4789.032200556556
1168,0.0,0.0,5760.478228443414
1169,0.0,0.0,3274.789655266071
1170,0.0,0.0,3432.913782992416
1172,0.0,0.0,4886.522211394362
1176,0.0,0.0,5286.727958875598
1177,0.0,0.0,5792.104411167548
1178,0.0,0.0,5881.753379310239
1179,0.0,0.0,3896.545942051019
1180,0.0,0.0,3498.391185834186
1181,0.0,0.0,2064.9357261161585
1182,0.0,0.0,5894.1964967697195
1183,0.0,0.0,5591.435267813221
1187,0.0,0.0,2004.3394752876661
1188,0.0,0.0,5405.88289790171
1189,0.0,0.0,3211.072632130659
1190,0.0,0.0,3917.1351032877474
1191,0.0,0.0,4823.817963077636
1192,0.0,0.0,5418.825150161918
1194,0.0,0.0,4839.359040164314
1195,0.0,0.0,3090.9627373427793
1197,0.0,0.0,4450.980429490561
1198,0.0,0.0,2003.4152120471254
1200,0.0,0.0,2626.5680420754584
1201,0.0,0.0,4079.657986537237
1202,0.0,0.0,4966.3183268690545
1203,0.0,0.0,3545.664474447782
1207,0.0,0.0,5801.096517540674
1208,0.0,0.0,3185.8639168445393
1209,0.0,0.0,2955.598485506876
1210,0.0,0.0,2256.6681768017074
1211,0.0,0.0,5657.878307751129
1212,0.0,0.0,3546.0073109513532
1213,0.0,0.0,4756.5014296725485
1215,0.0,0.0,4488.227977235071
1216,0.0,0.0,5690.9993450229
1217,0.0,0.0,5894.144245322951
1221,0.0,0.0,5936.898748472484
1223,0.0,0.0,2117.406865218637
1227,0.0,0.0,2306.136604806498
1229,0.0,0.0,5058.826550908178
1230,0.0,0.0,4969.067179390386
1231,0.0,0.0,3049.3320681731557
1235,0.0,0.0,2029.3527677592351
1236,0.0,0.0,5603.1270610849415
1238,0.0,0.0,5480.8305586007555
1239,0.0,0.0,4460.284596439144
1241,0.0,0.0,5794.080172076727
1243,0.0,0.0,3328.5415724722448
1244,0.0,0.0,5800.505504384738
1245,0.0,0.0,5060.705620561321
1246,0.0,0.0,2634.785578573233
1250,0.0,0.0,2409.74827946793
1251,0.0,0.0,5459.32146559402
1252,0.0,0.0,4097.066638759885
1253,0.0,0.0,4690.896232291423
1254,0.0,0.0,3992.9788708141496
1258,0.0,0.0,3425.283394062425
1259,0.0,0.0,4729.585568948327
1260,0.0,0.0,3951.9823596772676
1261,0.0,0.0,4374.4712611466675
1262,0.0,0.0,3203.6538334593924
1264,0.0,0.0,3143.699100980191
1265,0.0,0.0,3604.350358276063
1266,0.0,0.0,2470.0213259447264
1267,0.0,0.0,4688.024960315746
1268,0.0,0.0,4594.7403072510415
1269,0.0,0.0,4325.287843486812
1270,0.0,0.0,4427.664099428382
1271,0.0,0.0,5357.333877613196
1272,0.0,0.0,2854.2426330240805
1273,0.0,0.0,2464.2552515281363
1274,0.0,0.0,3068.293254542088
1276,0.0,0.0,3258.4421192292434
1278,0.0,0.0,4132.18747550398
1279,0.0,0.0,3123.866788050595
1280,0.0,0.0,3950.0018248313095
1281,0.0,0.0,5792.184179120873
1282,0.0,0.0,3568.764432479229
1286,0.0,0.0,2713.974777953566
1287,0.0,0.0,5524.326466549557
1289,0.0,0.0,3138.7900447492225
1291,0.0,0.0,2048.752445425624
1292,0.0,0.0,2011.1419757419417
1294,0.0,0.0,3651.7680894837595
1295,0.0,0.0,2790.7701283509346
1297,0.0,0.0,5368.341500560686
1300,0.0,0.0,4839.697412109855
1301,0.0,0.0,5597.284616376294
1302,0.0,0.0,5177.188629744585
1303,0.0,0.0,3120.7696076228217
1306,0.0,0.0,4591.634102232512
1309,0.0,0.0,4972.983332419953
1310,0.0,0.0,4764.535649602435
1311,0.0,0.0,2206.5535613272846
1312,0.0,0.0,3914.792149648366
1313,0.0,0.0,2444.835396597643
1314,0.0,0.0,3054.8093636693834
1315,0.0,0.0,3712.3788768054824
1317,0.0,0.0,5955.749162141948
1318,0.0,0.0,5655.683110385966
1319,0.0,0.0,3564.3664725640297
1320,0.0,0.0,2180.669271992324
1321,0.0,0.0,4389.169945032709
1322,0.0,0.0,3036.939501028053
1323,0.0,0.0,5909.634243380296
1324,0.0,0.0,4424.994041847476
1326,0.0,0.0,2757.9089467016142
1328,0.0,0.0,5878.8235485963205
1329,0.0,0.0,3509.4603195369364
1330,0.0,0.0,5020.972531055032
1331,0.0,0.0,3058.3150784230065
1332,0.0,0.0,4899.799059959585
1334,0.0,0.0,2512.7647186784498
1335,0.0,0.0,5772.9364408390675
1337,0.0,0.0,3898.8481019173973
1342,0.0,0.0,3764.216952275323
1344,0.0,0.0,4389.59194099038
1345,0.0,0.0,5357.520654035939
1348,0.0,0.0,4186.928931934388
1349,0.0,0.0,5772.130603021714
1351,0.0,0.0,4185.345059959804
1352,0.0,0.0,2318.039649471795
1354,0.0,0.0,4004.944049232239
1355,0.0,0.0,5851.309903503669
1356,0.0,0.0,5841.7528596431
1357,0.0,0.0,3946.743408162764
1358,0.0,0.0,3169.310334581274
1359,0.0,0.0,4698.8432220829
1360,0.0,0.0,4198.119383777753
1361,0.0,0.0,5266.450118843619
1362,0.0,0.0,5882.359374933348
1364,0.0,0.0,3319.492675178281
1365,0.0,0.0,4734.245062301037
1366,0.0,0.0,4922.443933189843
1367,0.0,0.0,2661.4660454194086
1368,0.0,0.0,5381.874931477347
1373,0.0,0.0,3149.1150660624844
1374,0.0,0.0,3705.240002764739
1376,0.0,0.0,3617.7973841516146
1377,0.0,0.0,5738.32674073194
1378,0.0,0.0,3181.1424908639747
1380,0.0,0.0,2762.8921443292547
1381,0.0,0.0,2697.2525383316333
1382,0.0,0.0,5229.421116478132
1383,0.0,0.0,3686.828324265994
1384,0.0,0.0,5042.76371283815
1385,0.0,0.0,3197.5980341969403
1386,0.0,0.0,4385.633143023623
1388,0.0,0.0,3460.128459364956
1389,0.0,0.0,4722.641268141279
1391,0.0,0.0,4980.31853689192
1392,0.0,0.0,2601.8630797466894
1393,0.0,0.0,2443.393257406272
1395,0.0,0.0,2508.508158162708
1396,0.0,0.0,2969.335130131384
1397,0.0,0.0,2521.836374585511
1400,0.0,0.0,3435.380267064497
1401,0.0,0.0,3354.7937307063567
1402,0.0,0.0,4919.006792342226
1403,0.0,0.0,5632.1797332365195
1404,0.0,0.0,3626.529833245498
1405,0.0,0.0,5460.764360023305
1406,0.0,0.0,3877.046302025424
1407,0.0,0.0,5093.366495525251
1408,0.0,0.0,5234.966282130272
1409,0.0,0.0,3674.3863383867206
1410,0.0,0.0,2396.195526962936
1411,0.0,0.0,4141.614009252567
1412,0.0,0.0,2385.353385196034
1413,0.0,0.0,3065.6599720479503
1414,0.0,0.0,2384.9923157630105
1416,0.0,0.0,4910.23898553624
1418,0.0,0.0,2971.854233445101
1419,0.0,0.0,5491.943052213397
1421,0.0,0.0,4822.494669536541
1423,0.0,0.0,4604.3079484307
1424,0.0,0.0,4400.987605249325
1425,0.0,0.0,3264.62154065083
1426,0.0,0.0,3482.827747147923
1429,0.0,0.0,5618.884803042139
1430,0.0,0.0,2598.336718116107
1431,0.0,0.0,3201.7839053211546
1433,0.0,0.0,5602.1512600591195
1434,0.0,0.0,4218.116649987345
1435,0.0,0.0,2078.7615248592565
1436,0.0,0.0,5754.050763388986
1438,0.0,0.0,5124.747641289465
1439,0.0,0.0,2889.1664640492954
1441,0.0,0.0,5209.197791183383
1443,0.0,0.0,2802.606004291126
1444,0.0,0.0,5654.087373329563
1445,0.0,0.0,3203.4400232007947
1448,0.0,0.0,5802.321200163342
1449,0.0,0.0,5823.419806251274
1450,0.0,0.0,4234.677667817101
1451,0.0,0.0,4228.302096052866
1452,0.0,0.0,2989.18473844043
1453,0.0,0.0,5950.437441232264
1454,0.0,0.0,5425.801943446772
1455,0.0,0.0,3048.3679953816445
1456,0.0,0.0,2115.342322022345
1457,0.0,0.0,4978.308955380273
1458,0.0,0.0,5390.080513160706
1460,0.0,0.0,2128.3328197697165
1461,0.0,0.0,5045.556580326408
1462,0.0,0.0,3084.652647697051
1463,0.0,0.0,4437.9000761159805
1464,0.0,0.0,3090.789285508699
1466,0.0,0.0,3931.2498543461043
1467,0.0,0.0,3429.315110741758
1470,0.0,0.0,2354.9151498825545
1473,0.0,0.0,5718.571904134092
1475,0.0,0.0,3122.137046848177
1477,0.0,0.0,4666.163688254876
1478,0.0,0.0,3386.364941580506
1479,0.0,0.0,4549.318210961057
1480,0.0,0.0,3082.177461984962
1481,0.0,0.0,4111.281653905699
1482,0.0,0.0,5770.156397679306
1487,0.0,0.0,2047.9805915597487
1489,0.0,0.0,4251.776805787532
1490,0.0,0.0,2298.806350821902
1491,0.0,0.0,3112.781504745936
1497,0.0,0.0,5388.07545068137
1498,0.0,0.0,3100.2805017705773
1499,0.0,0.0,4249.708228707965
1500,0.0,0.0,4256.069488999356
1501,0.0,0.0,5750.860758782739
1504,0.0,0.0,2178.7855011238316
1506,0.0,0.0,4991.38365561071
1507,0.0,0.0,5241.193538613388
1508,0.0,0.0,5775.85172360044
1511,0.0,0.0,4720.401672783169
1512,0.0,0.0,5646.534475945464
1514,0.0,0.0,5275.2517024262215
1516,0.0,0.0,2589.2862442988244
1517,0.0,0.0,3940.3899749220286
1518,0.0,0.0,2032.885748154235
1519,0.0,0.0,4744.863560279876
1520,0.0,0.0,5869.35942725721
1521,0.0,0.0,5959.042440836193
1523,0.0,0.0,4600.134516003012
1524,0.0,0.0,2452.4706942055327
1530,0.0,0.0,2012.8668107592507
1531,0.0,0.0,4482.068959207619
1532,0.0,0.0,2482.594529450589
1534,0.0,0.0,4432.093197585302
1535,0.0,0.0,2548.0703611473227
1536,0.0,0.0,5619.3155948452595
1537,0.0,0.0,4881.154077692438
1538,0.0,0.0,5264.79769965071
1539,0.0,0.0,5342.064400851744
1540,0.0,0.0,2366.9722377235635
1542,0.0,0.0,4609.081526867954
1543,0.0,0.0,3998.360429658919
1545,0.0,0.0,5034.597458864818
1546,0.0,0.0,3903.8867671509274
1547,0.0,0.0,5851.032512382213
1548,0.0,0.0,4483.432602331286
1549,0.0,0.0,3478.749176565794
1550,0.0,0.0,2358.614545793403
1552,0.0,0.0,3256.3025236299773
1554,0.0,0.0,5445.563639844683
1555,0.0,0.0,2032.158819510614
1557,0.0,0.0,3601.29825932809
1558,0.0,0.0,5573.216884538517
1559,0.0,0.0,4664.572839564649
1562,0.0,0.0,3178.57564030845
1564,0.0,0.0,2247.920570870784
1565,0.0,0.0,5997.532676234725
1567,0.0,0.0,4683.685583714975
1568,0.0,0.0,3255.1665220725054
1571,0.0,0.0,4407.292654699672
1572,0.0,0.0,4869.583403886288
1573,0.0,0.0,3819.7430361873303
1574,0.0,0.0,4493.114726788699
1575,0.0,0.0,2886.822771881329
1576,0.0,0.0,4385.505403297743
1577,0.0,0.0,4947.200812011234
1578,0.0,0.0,2555.487874771365
1579,0.0,0.0,3375.9913898009327
1581,0.0,0.0,2958.0703404034966
1586,0.0,0.0,4303.410996246387
1587,0.0,0.0,2628.2672833411225
1588,0.0,0.0,4031.8027474432192
1591,0.0,0.0,3193.099040945037
1592,0.0,0.0,2286.370467006266
1593,0.0,0.0,4111.662587378245
1596,0.0,0.0,3296.607433121225
1602,0.0,0.0,5376.794941171408
1603,0.0,0.0,3252.7359209268475
1604,0.0,0.0,3184.1382277416456
1605,0.0,0.0,5183.416755530139
1607,0.0,0.0,4858.046666562566
1608,0.0,0.0,5402.226424462136
1610,0.0,0.0,4234.7006979059015
1611,0.0,0.0,5993.831434778499
1613,0.0,0.0,4848.700469584065
1615,0.0,0.0,3802.397429382845
1616,0.0,0.0,5553.865902389227
1617,0.0,0.0,2968.115038960394
1619,0.0,0.0,2216.6580334564064
1620,0.0,0.0,2360.845108168202
1621,0.0,0.0,3394.49987046292
1622,0.0,0.0,3940.3437130637235
1623,0.0,0.0,3065.264431516357
1624,0.0,0.0,3128.2247416643677
1627,0.0,0.0,2611.764687862494
1628,0.0,0.0,3751.638949077811
1629,0.0,0.0,4752.672192661055
1630,0.0,0.0,3395.461225301858
1631,0.0,0.0,5439.280369130548
1632,0.0,0.0,5567.5223235663325
1633,0.0,0.0,3635.6906363454355
1634,0.0,0.0,3319.2407267466906
1635,0.0,0.0,5931.11264027278
1636,0.0,0.0,5992.15181535723
1637,0.0,0.0,3827.10881381532
1638,0.0,0.0,2252.9066470673847
1639,0.0,0.0,2382.0178237363702
1640,0.0,0.0,3525.3320185595508
1642,0.0,0.0,4356.721845209328
1644,0.0,0.0,4733.689978365493
1645,0.0,0.0,5250.714916175945
1646,0.0,0.0,5555.221094352385
1647,0.0,0.0,5820.4416338573155
1648,0.0,0.0,3413.1890793629045
1649,0.0,0.0,2748.338851836559
1650,0.0,0.0,3315.5748706553086
1653,0.0,0.0,4840.1530356598805
1654,0.0,0.0,4540.170918815579
1656,0.0,0.0,5096.245026668481
1658,0.0,0.0,5611.227885999618
1661,0.0,0.0,3619.133296464073
1663,0.0,0.0,3741.620019004155
1664,0.0,0.0,5535.349469847082
1668,0.0,0.0,4939.397811269859
1669,0.0,0.0,2980.3028406736994
1670,0.0,0.0,2332.421534885316
1671,0.0,0.0,4417.914699781014
1672,0.0,0.0,4990.489347218326
1673,0.0,0.0,4008.47060154973
1675,0.0,0.0,2458.7159386656804
1676,0.0,0.0,3037.8632020365662
1677,0.0,0.0,4019.442056590589
1678,0.0,0.0,2164.007637372882
1679,0.0,0.0,4768.569916318842
1681,0.0,0.0,4935.720489219975
1682,0.0,0.0,3147.3013843811295
1683,0.0,0.0,2006.477711548805
1684,0.0,0.0,4253.680381373223
1685,0.0,0.0,4689.618889536444
1686,0.0,0.0,5965.010227947079
1687,0.0,0.0,4749.193497011371
1688,0.0,0.0,3029.725642328227
1689,0.0,0.0,4037.854915146862
1691,0.0,0.0,3257.801040014264
1693,0.0,0.0,3864.2440588726085
1695,0.0,0.0,5888.8169088149825
1696,0.0,0.0,4431.076238682131
1697,0.0,0.0,3412.6090442642144
1698,0.0,0.0,3941.7106388159546
1699,0.0,0.0,2566.3284702023993
1701,0.0,0.0,3228.106060859843
1702,0.0,0.0,5570.23971906307
1704,0.0,0.0,3386.087266802053
1705,0.0,0.0,3309.41325039021
1706,0.0,0.0,3787.4137702696453
1707,0.0,0.0,3938.9322340665844
1709,0.0,0.0,3834.487299816522
1713,0.0,0.0,2270.148915564449
1714,0.0,0.0,4018.669575404654
1715,0.0,0.0,4301.953658512399
1716,0.0,0.0,2438.792334003803
1721,0.0,0.0,2063.5881566703124
1722,0.0,0.0,3472.1280377775824
1723,0.0,0.0,5902.407067735802
1724,0.0,0.0,4074.7966748487706
1725,0.0,0.0,5848.838279331546
1726,0.0,0.0,2359.3626719743784
1728,0.0,0.0,3641.6478592899866
1729,0.0,0.0,4807.803164043658
1730,0.0,0.0,4737.669840508265
1731,0.0,0.0,3349.4821608619427
1732,0.0,0.0,2263.443379697816
1733,0.0,0.0,5872.700709529504
1734,0.0,0.0,3751.3355599821984
1736,0.0,0.0,2531.455547142256
1737,0.0,0.0,3977.080359830347
1738,0.0,0.0,3301.2448905545475
1741,0.0,0.0,5756.778832619458
1742,0.0,0.0,3910.909908826364
1744,0.0,0.0,4664.815695609391
1746,0.0,0.0,3429.2471662646785
1747,0.0,0.0,5035.360414280956
1749,0.0,0.0,2246.354186144277
1750,0.0,0.0,5548.875805819787
1751,0.0,0.0,4892.8229639345145
1752,0.0,0.0,4586.1016915965065
1753,0.0,0.0,5771.182705881819
1754,0.0,0.0,2169.180928185897
1755,0.0,0.0,4701.2586042198445
1756,0.0,0.0,2281.5633163607217
1757,0.0,0.0,5653.699282709761
1759,0.0,0.0,5705.627173276833
1760,0.0,0.0,2944.2042667096166
1762,0.0,0.0,3313.6368697225853
1763,0.0,0.0,3546.7252254597784
1764,0.0,0.0,4756.151418720514
1765,0.0,0.0,2285.6447220611108
1766,0.0,0.0,5394.701842678377
1767,0.0,0.0,3608.246620836289
1769,0.0,0.0,4393.494283243678
1770,0.0,0.0,2701.679257451565
1771,0.0,0.0,4498.897367483426
1772,0.0,0.0,2969.140057253591
1773,0.0,0.0,5479.7070500528325
1774,0.0,0.0,3231.5360269066655
1777,0.0,0.0,3181.168010721168
1779,0.0,0.0,4410.0725585277605
1781,0.0,0.0,2894.3860222085445
1782,0.0,0.0,3864.787340027341
1785,0.0,0.0,5464.265815785196
1786,0.0,0.0,5282.240546345743
1788,0.0,0.0,5548.623798656052
1790,0.0,0.0,2104.6652380473947
1791,0.0,0.0,4298.699409701099
1792,0.0,0.0,3770.245271778614
1794,0.0,0.0,5481.095267893255
1795,0.0,0.0,3187.240840761472
1796,0.0,0.0,5037.583076951992
1800,0.0,0.0,5046.590011024345
1801,0.0,0.0,4461.929111908965
1802,0.0,0.0,2196.0595615234297
1803,0.0,0.0,5828.146744971622
1804,0.0,0.0,3001.3380869144194
1805,0.0,0.0,3725.4704903885695
1806,0.0,0.0,5487.1885298928355
1807,0.0,0.0,5390.409310442828
1812,0.0,0.0,4048.3482690986234
1813,0.0,0.0,4783.4788104799
1815,0.0,0.0,2240.4892598362558
1816,0.0,0.0,2863.924494177608
1817,0.0,0.0,5017.17779997714
1819,0.0,0.0,5342.477421370294
1821,0.0,0.0,4131.06106961009
1823,0.0,0.0,4202.049625493364
1825,0.0,0.0,4529.387881129557
1826,0.0,0.0,2137.351799130377
1827,0.0,0.0,3958.440748377054
1828,0.0,0.0,4507.053027973339
1829,0.0,0.0,3992.609501603839
1830,0.0,0.0,4096.489203985587
1831,0.0,0.0,5458.335845042395
1832,0.0,0.0,3822.536899892402
1833,0.0,0.0,5126.551449207295
1834,0.0,0.0,3772.1259814990667
1835,0.0,0.0,3931.216964974019
1838,0.0,0.0,5870.202483327926
1839,0.0,0.0,5864.786902205186
1841,0.0,0.0,3784.474882606984
1843,0.0,0.0,2645.7616957266555
1844,0.0,0.0,2861.123359872649
1847,0.0,0.0,3365.788872573285
1849,0.0,0.0,5955.8278101873575
1851,0.0,0.0,4603.0267425032
1852,0.0,0.0,2287.228708849339
1853,0.0,0.0,3827.414859723832
1854,0.0,0.0,4770.8393071833325
1855,0.0,0.0,3462.967869421674
1856,0.0,0.0,3155.510060999232
1858,0.0,0.0,4519.122871256003
1859,0.0,0.0,3269.710077119312
1860,0.0,0.0,3920.4762325143533
1861,0.0,0.0,3482.3097316262706
1862,0.0,0.0,5381.522709731722
1867,0.0,0.0,4150.265499168292
1870,0.0,0.0,5248.219607568097
1871,0.0,0.0,3107.1965273832357
1872,0.0,0.0,5034.795195599821
1873,0.0,0.0,3775.8613918173937
1875,0.0,0.0,2750.535285586494
1876,0.0,0.0,2803.1318828407966
1877,0.0,0.0,2260.0786954115392
1878,0.0,0.0,2407.649437068363
1880,0.0,0.0,4915.58081653139
1881,0.0,0.0,4741.931176572839
1884,0.0,0.0,5157.2021730464385
1885,0.0,0.0,5439.157298028627
1886,0.0,0.0,2147.6470341526197
1889,0.0,0.0,2713.185490651151
1891,0.0,0.0,2256.7494559834913
1892,0.0,0.0,5685.91573853757
1894,0.0,0.0,3579.185742012226
1895,0.0,0.0,5278.771246456426
1898,0.0,0.0,2077.0401073808903
1899,0.0,0.0,2575.0849366743996
1901,0.0,0.0,4962.678549383691
1902,0.0,0.0,4597.695453957809
1903,0.0,0.0,3626.922497774804
1904,0.0,0.0,2976.3358418459243
1905,0.0,0.0,5496.802290046067
1908,0.0,0.0,4959.735119213142
1911,0.0,0.0,3740.9649579914085
1914,0.0,0.0,2594.501449722735
1915,0.0,0.0,5294.551714160029
1918,0.0,0.0,5859.251170685098
1919,0.0,0.0,4255.11955779692
1921,0.0,0.0,4476.750827833976
1922,0.0,0.0,5554.274980632796
1923,0.0,0.0,5954.696090108952
1924,0.0,0.0,2026.1441791485772
1925,0.0,0.0,5808.792956220782
1927,0.0,0.0,2630.2323815329473
1929,0.0,0.0,4699.436597182458
1931,0.0,0.0,3112.648557550383
1933,0.0,0.0,5838.885609272131
1934,0.0,0.0,3533.1513087537987
1936,0.0,0.0,4529.693271983212
1937,0.0,0.0,3254.413771961234
1940,0.0,0.0,3446.635703038515
1941,0.0,0.0,4417.930214808218
1942,0.0,0.0,2577.4349144572748
1943,0.0,0.0,4421.101720176872
1944,0.0,0.0,2753.2934573273906
1945,0.0,0.0,3196.8479182975916
1946,0.0,0.0,4181.03009246141
1948,0.0,0.0,2977.4531844936973
1949,0.0,0.0,5720.563061640036
1952,0.0,0.0,5866.637261474971
1953,0.0,0.0,4544.02462875588
1954,0.0,0.0,3586.9839048314484
1955,0.0,0.0,3425.8570844399082
1957,0.0,0.0,5451.644031900417
1958,0.0,0.0,5313.000247335093
1960,0.0,0.0,2718.401534422679
1961,0.0,0.0,2103.0740843600393
1962,0.0,0.0,3323.4807775363392
1963,0.0,0.0,3871.003711395968
1964,0.0,0.0,2619.605951191125
1965,0.0,0.0,3340.835085565769
1966,0.0,0.0,3597.942307700083
1967,0.0,0.0,3444.580409668911
1968,0.0,0.0,2293.944132709636
1969,0.0,0.0,5164.306978806343
1970,0.0,0.0,2159.0861163176537
1972,0.0,0.0,3251.581631884088
1973,0.0,0.0,2321.461494116466
1975,0.0,0.0,4320.905680813011
1979,0.0,0.0,2569.2207102761663
1980,0.0,0.0,4574.244428797428
1982,0.0,0.0,3514.7014667035005
1983,0.0,0.0,4366.813563462967
1984,0.0,0.0,4304.4723264483055
1985,0.0,0.0,5989.403074089719
1986,0.0,0.0,2548.442577402845
1988,0.0,0.0,4324.311169942662
1989,0.0,0.0,2957.8854715875327
1990,0.0,0.0,4389.450469291692
1991,0.0,0.0,4461.249024149352
1993,0.0,0.0,2026.0378640847127
1995,0.0,0.0,4644.860024357897
1996,0.0,0.0,4118.402963767821
1997,0.0,0.0,3159.1522902552692
1998,0.0,0.0,5680.368815718062
2002,0.0,0.0,4519.496043977342
2006,0.0,0.0,4787.848854092141
2007,0.0,0.0,5619.408196266902
2008,0.0,0.0,3320.9161787958874
2009,0.0,0.0,2681.4708053904537
2010,0.0,0.0,2254.5127507351285
2012,0.0,0.0,4295.2948260315
2014,0.0,0.0,5998.64461266108
2015,0.0,0.0,3653.4152116053474
2018,0.0,0.0,2975.062851657494
2019,0.0,0.0,2045.3232294067407
2020,0.0,0.0,2911.1431554692635
2023,0.0,0.0,4132.621086953493
2025,0.0,0.0,3221.9121706260403
2027,0.0,0.0,3528.86597391418
2030,0.0,0.0,3673.1780190112668
2031,0.0,0.0,5072.678413110456
2033,0.0,0.0,2084.0125034864636
2034,0.0,0.0,2243.8333839850684
2035,0.0,0.0,2118.838942155488
2037,0.0,0.0,4593.257930124855
2038,0.0,0.0,4341.225435221352
2040,0.0,0.0,5708.6939079809445
2041,0.0,0.0,4802.862031555607
2042,0.0,0.0,5724.37794445675
2044,0.0,0.0,4835.697895305082
2047,0.0,0.0,3784.060182057359
2048,0.0,0.0,4530.89741526925
2050,0.0,0.0,3293.213600201243
2051,0.0,0.0,3263.0671218553016
2052,0.0,0.0,3702.886477882497
2054,0.0,0.0,4578.061055758622
2055,0.0,0.0,3965.1813507782913
2056,0.0,0.0,3898.765228654101
2057,0.0,0.0,5480.030326920344
2058,0.0,0.0,5666.481757368382
2059,0.0,0.0,4433.259908713841
2060,0.0,0.0,5087.389448597018
2063,0.0,0.0,4663.62438673367
2064,0.0,0.0,2445.213367152314
2067,0.0,0.0,3563.31424050659
2068,0.0,0.0,2900.091087261435
2069,0.0,0.0,2249.02379446913
2070,0.0,0.0,5144.816119373208
2071,0.0,0.0,2491.1386269588966
2073,0.0,0.0,3244.6824171164467
2075,0.0,0.0,5322.406279067748
2076,0.0,0.0,3459.6356061211395
2077,0.0,0.0,2416.7409800151304
2080,0.0,0.0,2446.991019371688
2081,0.0,0.0,4045.294323130201
2082,0.0,0.0,2785.688375022224
2084,0.0,0.0,2618.0758513013725
2085,0.0,0.0,2674.4008065442613
2086,0.0,0.0,2352.3185077170856
2091,0.0,0.0,4427.09161416821
2092,0.0,0.0,2487.6450107613296
2093,0.0,0.0,5304.834441745124
2094,0.0,0.0,4845.860541867972
2097,0.0,0.0,3592.4341076196974
2098,0.0,0.0,2687.180860124666
2099,0.0,0.0,2830.2294204831373
2100,0.0,0.0,5552.404847547175
2101,0.0,0.0,4979.373256627474
2102,0.0,0.0,5198.797324343643
2103,0.0,0.0,4794.4341591060665
2104,0.0,0.0,5684.248441913528
2106,0.0,0.0,3025.5594624888636
2107,0.0,0.0,5146.981966340289
2108,0.0,0.0,3018.6456184860085
2109,0.0,0.0,3906.9640088125284
2110,0.0,0.0,2620.187714664926
2111,0.0,0.0,4733.627405836871
2112,0.0,0.0,3235.9306903703596
2116,0.0,0.0,3463.880376206998
2119,0.0,0.0,2438.987305569345
2120,0.0,0.0,2333.3361962971867
2121,0.0,0.0,4709.058508239667
2123,0.0,0.0,3155.8921229275297
2124,0.0,0.0,3808.827376351459
2125,0.0,0.0,5734.642761518297
2127,0.0,0.0,2604.664550562866
2129,0.0,0.0,3792.5962689381913
2130,0.0,0.0,3698.0032133108753
2131,0.0,0.0,4141.332978047481
2132,0.0,0.0,3729.7239426198807
2133,0.0,0.0,3415.646243623986
2134,0.0,0.0,3126.4758386906237
2135,0.0,0.0,3683.6138082354755
2137,0.0,0.0,2169.320772225724
2139,0.0,0.0,5184.118430749415
2140,0.0,0.0,3156.748703398891
2142,0.0,0.0,2846.4142989604434
2144,0.0,0.0,4993.176984121628
2145,0.0,0.0,3361.985565113972
2146,0.0,0.0,2418.4728593407513
2147,0.0,0.0,5060.097347755579
2148,0.0,0.0,4074.2101974998045
2149,0.0,0.0,2035.1381134558455
2150,0.0,0.0,5886.946110844622
2151,0.0,0.0,2803.8846045497767
2152,0.0,0.0,3982.705565033281
2154,0.0,0.0,4992.4858555884175
2155,0.0,0.0,5979.226114609815
2156,0.0,0.0,4759.302773097938
2157,0.0,0.0,3407.5803799441915
2158,0.0,0.0,5162.1532306535
2159,0.0,0.0,3214.067192634605
2160,0.0,0.0,3359.5014651992797
2161,0.0,0.0,4797.258723216238
2162,0.0,0.0,3989.215335094202
2163,0.0,0.0,5613.616736984878
2166,0.0,0.0,3965.3084058963577
2167,0.0,0.0,3380.670409276716
2168,0.0,0.0,5422.068442835714
2169,0.0,0.0,3677.466538233582
2171,0.0,0.0,5638.753756203191
2172,0.0,0.0,2609.6350291417407
2173,0.0,0.0,2693.3576522076296
2174,0.0,0.0,5248.500722666178
2175,0.0,0.0,4542.293298469306
2176,0.0,0.0,5305.123260257488
2177,0.0,0.0,4075.2801199663654
2180,0.0,0.0,4185.948822198105
2182,0.0,0.0,3761.5866175646197
2184,0.0,0.0,5776.004662853624
2188,0.0,0.0,5196.803865708942
2189,0.0,0.0,3595.852658308248
2190,0.0,0.0,4247.408794910455
2191,0.0,0.0,4984.880590499388
2193,0.0,0.0,3512.909422686433
2196,0.0,0.0,2191.990977109708
2197,0.0,0.0,4370.413119637676
2198,0.0,0.0,2136.5786770602817
2204,0.0,0.0,3454.8330687990674
2205,0.0,0.0,3900.306254075856
2206,0.0,0.0,3518.0062467478574
2207,0.0,0.0,2212.544163590676
2208,0.0,0.0,2754.907333157571
2210,0.0,0.0,4230.6926127949
2213,0.0,0.0,3361.0134540334097
2214,0.0,0.0,2151.3806181643326
2216,0.0,0.0,4946.967881002798
2218,0.0,0.0,3584.6518541468263
2220,0.0,0.0,4190.778606825609
2221,0.0,0.0,2667.952225657021
2222,0.0,0.0,3354.921967696869
2223,0.0,0.0,2466.6605307360114
2225,0.0,0.0,3705.376994181167
2228,0.0,0.0,3561.7545282664328
2230,0.0,0.0,4628.503766743116
2231,0.0,0.0,3981.0856283849143
2232,0.0,0.0,3621.44576782717
2233,0.0,0.0,5424.434556887921
2235,0.0,0.0,3885.4159948481274
2236,0.0,0.0,3134.318990282564
2237,0.0,0.0,3575.864820594936
2240,0.0,0.0,2823.8885265610957
2241,0.0,0.0,2269.3954386834557
2242,0.0,0.0,3136.357228297494
2243,0.0,0.0,2256.201269195829
2244,0.0,0.0,2846.1515182342414
2245,0.0,0.0,2216.0279269090133
2246,0.0,0.0,5354.6509143652565
2247,0.0,0.0,4744.814606804809
2249,0.0,0.0,2900.4592960910854
2251,0.0,0.0,3803.9700936762533
2252,0.0,0.0,2256.1283089556446
2255,0.0,0.0,4942.398318171272
2256,0.0,0.0,4036.560624436781
2259,0.0,0.0,2067.2909102478343
2260,0.0,0.0,5908.500927754428
2263,0.0,0.0,2402.999204521159
2264,0.0,0.0,5624.700237195509
2265,0.0,0.0,4058.2613648512834
2266,0.0,0.0,3384.8675135567187
2267,0.0,0.0,5863.17818401908
2268,0.0,0.0,2497.864585206009
2269,0.0,0.0,2856.3051264864357
2270,0.0,0.0,4826.172939511132
2271,0.0,0.0,2163.716207370172
2274,0.0,0.0,4187.869033752923
2275,0.0,0.0,3240.262546967404
2278,0.0,0.0,5601.824393203847
2280,0.0,0.0,5631.757392612403
2281,0.0,0.0,3174.041066583357
2282,0.0,0.0,5126.517019788093
2284,0.0,0.0,3788.984729252373
2287,0.0,0.0,4408.661826633271
2288,0.0,0.0,2581.993102902251
2289,0.0,0.0,3364.0522550883384
2290,0.0,0.0,5509.527304122431
2292,0.0,0.0,3772.120803396446
2293,0.0,0.0,5214.301031360826
2294,0.0,0.0,2014.7340986225747
2296,0.0,0.0,4650.94847999409
2297,0.0,0.0,4076.390844452493
2298,0.0,0.0,3155.89016205749
2302,0.0,0.0,5476.565592935886
2303,0.0,0.0,4938.602952438123
2304,0.0,0.0,2201.541474287531
2305,0.0,0.0,4686.576392590102
2306,0.0,0.0,4813.608174148643
2307,0.0,0.0,5830.851884388743
2308,0.0,0.0,5555.064518014977
2310,0.0,0.0,5813.265279259679
2311,0.0,0.0,5777.398456737653
2313,0.0,0.0,5354.7458980274105
2314,0.0,0.0,2435.4205717438617
2315,0.0,0.0,5855.861355031379
2317,0.0,0.0,5756.209755553592
2318,0.0,0.0,4769.146008580815
2320,0.0,0.0,5711.166791780654
2321,0.0,0.0,4550.947138425933
2322,0.0,0.0,3985.1803543656724
2325,0.0,0.0,4127.862098192608
2327,0.0,0.0,3679.2996987088304
2333,0.0,0.0,5827.786175574455
2335,0.0,0.0,2706.0233496676587
2337,0.0,0.0,2776.4074959057075
2338,0.0,0.0,3469.488126887997
2339,0.0,0.0,5542.933419565215
2340,0.0,0.0,5601.333817524603
2341,0.0,0.0,4794.588221231751
2342,0.0,0.0,3212.3113023137603
2346,0.0,0.0,3138.07784990861
2347,0.0,0.0,2646.9802404828397
2348,0.0,0.0,2687.4303344758696
2351,0.0,0.0,2961.128842507174
2352,0.0,0.0,5630.457173843855
2353,0.0,0.0,5466.41244767535
2354,0.0,0.0,3194.637321178227
2357,0.0,0.0,2182.9720522738717
2358,0.0,0.0,4008.638577831596
2359,0.0,0.0,4936.459782224145
2360,0.0,0.0,5447.046605846964
2361,0.0,0.0,3740.743762415761
2362,0.0,0.0,4024.519981225141
2363,0.0,0.0,5895.7534161633375
2365,0.0,0.0,5164.005490996721
2368,0.0,0.0,4051.969088361948
2370,0.0,0.0,2661.2542821793604
2371,0.0,0.0,3155.6382749114036
2373,0.0,0.0,2090.3885072510307
2375,0.0,0.0,5734.643744436838
2376,0.0,0.0,4851.934256428735
2377,0.0,0.0,2611.604187387503
2378,0.0,0.0,5898.924994512153
2379,0.0,0.0,2200.0051829688546
2381,0.0,0.0,5981.764222844761
2382,0.0,0.0,4121.192915962491
2383,0.0,0.0,5160.461122152702
2387,0.0,0.0,5646.733784154466
2389,0.0,0.0,4171.704129513085
2390,0.0,0.0,5949.862290081486
2391,0.0,0.0,4013.405588718178
2392,0.0,0.0,5262.979235928396
2393,0.0,0.0,2706.592693173672
2396,0.0,0.0,5072.499676063488
2398,0.0,0.0,4456.689162079688
2404,0.0,0.0,4984.079030987471
2405,0.0,0.0,2281.681928221991
2406,0.0,0.0,5931.643745949179
2408,0.0,0.0,4827.258570649204
2409,0.0,0.0,2371.879609673803
2410,0.0,0.0,5198.814116520988
2412,0.0,0.0,4001.0790886918326
2414,0.0,0.0,3489.921491900759
2415,0.0,0.0,2974.4779810001064
2418,0.0,0.0,5591.629051818944
2419,0.0,0.0,3876.4825955177694
2420,0.0,0.0,3480.8571824021365
2422,0.0,0.0,2175.2977566323216
2424,0.0,0.0,4614.580380576883
2425,0.0,0.0,2304.6383064977854
2426,0.0,0.0,5427.004344821682
2427,0.0,0.0,5440.926691302122
2429,0.0,0.0,5306.117113501754
2430,0.0,0.0,2888.380678675516
2431,0.0,0.0,3401.1834366379567
2432,0.0,0.0,3941.632924442663
2433,0.0,0.0,4859.692034302095
2435,0.0,0.0,3905.315408521124
2438,0.0,0.0,5003.3524415530455
2439,0.0,0.0,2275.626533163933
2440,0.0,0.0,2809.5978533513294
2441,0.0,0.0,4356.474680759773
2442,0.0,0.0,4497.675964759624
2443,0.0,0.0,3427.8672064278226
2444,0.0,0.0,3609.5606539409755
2445,0.0,0.0,4018.090416691049
2446,0.0,0.0,3201.716356152434
2447,0.0,0.0,5523.7865062034525
2448,0.0,0.0,4422.849048889078
2449,0.0,0.0,2556.1573276556946
2450,0.0,0.0,5489.6798007413
2451,0.0,0.0,2225.2213114445676
2453,0.0,0.0,3016.0153845549366
2454,0.0,0.0,2759.2420272572217
2455,0.0,0.0,2167.782811216273
2457,0.0,0.0,2734.222932567104
2459,0.0,0.0,4336.138290072796
2461,0.0,0.0,4883.593949146238
2463,0.0,0.0,2329.972995721752
2464,0.0,0.0,5843.606657964131
2465,0.0,0.0,2942.9555419218095
2467,0.0,0.0,3604.595397913327
2469,0.0,0.0,3670.161888256186
2470,0.0,0.0,2490.5541808879166
2473,0.0,0.0,3760.7351389710025
2474,0.0,0.0,2111.4276285430965
2475,0.0,0.0,2819.5911161512527
2476,0.0,0.0,4638.5293082046865
2478,0.0,0.0,3119.0941650416758
2479,0.0,0.0,3363.618857750951
2480,0.0,0.0,5736.952434020332
2482,0.0,0.0,2932.3634172660327
2484,0.0,0.0,2662.4698203993676
2485,0.0,0.0,4094.650057655723
2486,0.0,0.0,3255.5568986660096
2488,0.0,0.0,5425.465298440799
2491,0.0,0.0,5710.5707549226045
2493,0.0,0.0,4227.21665871978
2495,0.0,0.0,4922.835417254122
2496,0.0,0.0,5762.935212188708
2498,0.0,0.0,2124.2492600193223
2499,0.0,0.0,5456.647621547774
2500,0.0,0.0,4286.361135255273
2501,0.0,0.0,3165.2494075421077
2502,0.0,0.0,4286.401717926481
2503,0.0,0.0,2913.3440932458852
2505,0.0,0.0,5794.8960289256775
2506,0.0,0.0,2338.4601688803978
2507,0.0,0.0,5769.8069148727045
2508,0.0,0.0,5809.193482071517
2509,0.0,0.0,3399.033861510332
2510,0.0,0.0,4147.836820992634
2511,0.0,0.0,3223.059716003698
2512,0.0,0.0,2280.341719026955
2514,0.0,0.0,2266.233712972241
2515,0.0,0.0,2679.831673144175
2517,0.0,0.0,2600.8680362972063
2519,0.0,0.0,4601.865268831303
2520,0.0,0.0,4314.177453053267
2521,0.0,0.0,2229.7734647003863
